
########################################################################################################################################

Country,Year,Calidad regulatoria: estimación,Efectividad del gobierno: estimación,"PIB, PPA (dólares internacionales constantes de 2021)",Población urbana (% de la población total),"PIB, PPA (dólares internacionales constantes de 2021)_log",Población urbana (% de la población total)_minmax,Efectividad del gobierno: estimación_std,Calidad regulatoria: estimación_std
Afganistán,2020,-1.38916301727295,-1.61153948307037,108208794210.783,26.026,11.034262557650846,0.26026,-1.9280933490492391,-1.7879959077628385
Afganistán,2021,-1.31168210506439,-1.67058789730072,85767546197.7544,26.314,10.933322985132042,0.26314,-1.9813167295245517,-1.715280394301871
Afganistán,2022,-1.27180624008179,-1.88003480434418,80415503801.351,26.616,10.905339787140226,0.26616,-2.170102026610851,-1.6778570610671646
Alemania,2020,1.57793474197388,1.31368815898895,5013622134859.6,77.453,12.700151599081932,0.77453,0.7085651590500686,0.9966129836730457
Alemania,2021,1.62516117095947,1.28911292552948,5197622060268.46,77.544,12.715804697037473,0.77544,0.6864142339535784,1.0409347906152682
Alemania,2022,1.52229499816895,1.28929960727692,5268815503768.5,77.648,12.721712991304296,0.77648,0.6865824998384681,0.9443953158076795
Brasil,2020,-0.111011527478695,-0.465709209442139,3615574021216.43,87.073,12.55817725722025,0.8707299999999999,-0.8952974406690025,-0.5884560570817603
Brasil,2021,-0.121613994240761,-0.492990374565125,3787769507879.98,87.317,12.578383543588622,0.8731699999999999,-0.9198873615005125,-0.5984064279870643
Brasil,2022,-0.220437631011009,-0.588259339332581,3902034936764.09,87.555,12.591291153519895,0.87555,-1.0057581918250509,-0.6911519995735953
China,2020,-0.202643379569054,0.643971681594849,26576353594843.0,61.428,13.424495393375983,0.6142799999999999,0.10491516520126651,-0.674452168694315
China,2021,-0.332243531942368,0.80791163444519,28821648700423.3,62.512,13.45971882037168,0.62512,0.25268269798580917,-0.7960813720144587
China,2022,-0.418417632579803,0.494212538003922,29672080421839.5,63.56,13.472347997413916,0.6356,-0.030070472988828274,-0.8769554066156658
Colombia,2020,0.225666418671608,0.00847531855106354,801635488967.235,81.425,11.903976935471652,0.8142499999999999,-0.46789047508250065,-0.2724852066172696
Colombia,2021,0.20214469730854,-0.0478276498615742,888221726895.872,81.74,11.948521392296353,0.8173999999999999,-0.5186392436781372,-0.29456024416712867
Colombia,2022,0.140449166297913,0.01379637978971,952963177224.434,82.05,11.979076119697336,0.8205,-0.4630943282167757,-0.3524612431074735
Corea del Sur,2020,1.02495074272156,1.3701868057251,2383250634761.46,81.414,12.377169717365565,0.81414,0.7594903026085016,0.47763980311607623
Corea del Sur,2021,1.09228515625,1.36565375328064,2485843254661.73,81.414,12.395473740644647,0.81414,0.7554044287012894,0.5408328698178992
Corea del Sur,2022,1.1452225446701,1.34904730319977,2550790190109.81,81.427,12.406674738098449,0.81427,0.7404361789604836,0.5905143884077769
Dinamarca,2020,1.78572452068329,1.8400673866272,379890744962.518,88.116,11.579658713243495,0.8811599999999999,1.1830178987561941,1.191622825711615
Dinamarca,2021,1.79559290409088,1.95973408222198,407934531584.374,88.24,11.61059046982364,0.8824,1.2908796619022531,1.2008842624456204
Dinamarca,2022,1.84312748908997,1.9901350736618,414217429534.393,88.367,11.6172283692841,0.8836700000000001,1.3182816430615811,1.2454952725232866
Estados Unidos,2020,1.2384375333786,1.27459323406219,22329130338514.2,82.664,13.348871808761592,0.82664,0.6733268873512962,0.677996267143944
Estados Unidos,2021,1.44095718860626,1.2975310087204,23681171000000.0,82.873,13.374403173822198,0.8287300000000001,0.6940018863974756,0.8680601202407905
Estados Unidos,2022,1.42443990707397,1.25549554824829,24276130895651.5,83.084,13.385179470518311,0.83084,0.6561131583880424,0.8525587203041602
Francia,2020,1.18946194648743,1.2042510509491,3330487114472.45,80.975,12.522507757727482,0.80975,0.609923850638283,0.6320328827911951
Francia,2021,1.23037326335907,1.22854030132294,3559702490270.83,81.242,12.551413702401955,0.81242,0.6318170044334708,0.6704279833119267
Francia,2022,1.1889523267746,1.16521215438843,3651216762660.35,81.509,12.562437616579766,0.81509,0.5747360801948734,0.6315546068128673
India,2020,-0.128488674759865,0.374532461166382,10378712667572.0,34.926,13.0161434887686,0.34926,-0.1379442973389674,-0.6048582870266321
India,2021,-0.0908545926213264,0.249238416552544,11384367630967.9,35.393,13.056308911805957,0.35393,-0.2508782803204365,-0.5695388576558235
India,2022,-0.0504464171826839,0.369541674852371,12179797874332.3,35.872,13.085640081171235,0.35872,-0.1424427503850623,-0.5316159532747736
Indonesia,2020,0.216156706213951,0.31706503033638,3404556313997.13,56.641,12.532060522140847,0.56641,-0.18974265595486775,-0.2814100321583438
Indonesia,2021,0.287561029195786,0.346443444490433,3530623140454.75,57.29,12.54785136334186,0.5729,-0.16326237643063296,-0.21439737238246592
Indonesia,2022,0.205959960818291,0.436147511005402,3718008116107.65,57.934,12.570310333466368,0.57934,-0.08240747584542824,-0.2909796352507847
Japón,2020,1.3470870256424,1.5473005771637,5434595763518.57,91.782,12.735167245901275,0.91782,0.9191320773718451,0.7799633631942509
Japón,2021,1.36984014511108,1.36116814613342,5573684472783.45,91.867,12.74614237958948,0.9186700000000001,0.7513613196869144,0.8013170710668464
Japón,2022,1.43877255916595,1.61941540241241,5626898497240.5,91.955,12.750269081053139,0.91955,0.984132887844923,0.8660098546083146
Kenia,2020,-0.51719057559967,-0.399473369121552,264084005302.165,27.995,11.42174209821968,0.27995000000000003,-0.8355956624513464,-0.9696534023285637
Kenia,2021,-0.460586369037628,-0.325909495353699,284129273925.386,28.493,11.453515981522065,0.28492999999999996,-0.7692887498302808,-0.9165305901818732
Kenia,2022,-0.380829960107803,-0.329533219337463,297937902775.433,29.002,11.474125756385744,0.29002,-0.772554999107916,-0.8416795325236441
México,2020,-0.0129100447520614,-0.27033868432045,2500831227910.73,80.731,12.398084383749756,0.80731,-0.719199912433118,-0.4963882240579604
México,2021,-0.251374453306198,-0.3435437977314,2652093590665.91,81.016,12.423588845974441,0.8101600000000001,-0.7851834558456487,-0.7201860784702148
México,2022,-0.148309499025345,-0.281723529100418,2749932269528.65,81.3,12.439321997345983,0.813,-0.7294616600731617,-0.6234600480617164
Nigeria,2020,-1.02443432807922,-1.14378702640533,1157867757369.25,51.958,12.063658960493335,0.5195799999999999,-1.5064839410094595,-1.4456995517612679
Nigeria,2021,-0.944378197193146,-1.02695763111115,1200097354375.41,52.746,12.07921647834219,0.52746,-1.401179582924821,-1.370567206295204
Nigeria,2022,-1.15594470500946,-1.04151690006256,1239120696928.78,53.521,12.093113611023043,0.53521,-1.4143026027542853,-1.5691214928735109
Países Bajos,2020,1.74825215339661,1.8052179813385,1130272688841.59,92.236,12.05318323372468,0.9223600000000001,1.1516063328200932,1.1564551650558612
Países Bajos,2021,1.73918282985687,1.72513651847839,1201217992333.65,92.572,12.079621828616133,0.92572,1.0794247810819513,1.1479436426803802
Países Bajos,2022,1.71227204799652,1.57889866828918,1261365795152.49,92.886,12.100841049919149,0.9288599999999999,0.9476130662042364,1.1226879859665808
Reino Unido,2020,1.47402393817902,1.33215415477753,3147041335739.51,83.903,12.497902447319357,0.83903,0.7252095132214962,0.8990931270179466
Reino Unido,2021,1.45237493515015,1.23967301845551,3416930055648.07,84.152,12.533636088908056,0.84152,0.641851496424388,0.8787756278263404
Reino Unido,2022,1.5665100812912,1.23809003829956,3582278210459.24,84.398,12.554159311433656,0.84398,0.6404246747861926,0.9858909871970333
Sierra Leona,2020,-0.904623210430145,-1.06328344345093,21775095775.6546,42.923,10.337960073906158,0.42923,-1.4339219106644403,-1.333257316766229
Sierra Leona,2021,-0.980271220207214,-1.15254700183868,23059141099.8544,43.372,10.362843126804894,0.43372,-1.5143797585605419,-1.4042526589278324


##########################################################################################################################################

Observa la estructura de los datos que están arriba. Quiero que crees una app en Streamlit que tenga los siguientes requerimientos:


1) El usuario pueda elegir el indicador que va en el eje Y

2) El usuario pueda elegir los países que van a ir incluidos en el gráfico (selección múltiple habilitada)

3) Los gráficos deben diseñarse en Plotly

4) Los gráficos no deberían tener grid y el fondo debe ser blanco

5) El titulo del gráfico debería ser (Evolutivo de (nombre del indicador escogido)





